2.499999999999998890e-01
3.952847075210474959e-01
2.499999999999999167e-01
3.952847075210474403e-01
2.500000000000000555e-01
1.767766952966368654e-01
5.590169943749473402e-01
3.952847075210474403e-01
3.952847075210474403e-01
3.162128315275116501e-17
5.000000000000000000e-01
3.952847075210474403e-01
2.500000000000000000e-01
1.767766952966367822e-01
5.590169943749474513e-01
3.952847075210474403e-01
5.590169943749475623e-01
3.952847075210474959e-01
3.952847075210473293e-01
2.500000000000000000e-01
3.952847075210474403e-01
7.905694150420948807e-01
1.767766952966369209e-01
